500 1000000
7432 7381
8465 8417
6581 6530
6448 6399
8310 8266
6642 6591
9381 9327
5324 5275
7927 7879
8857 8810
11031 10981
10020 9971
9637 9589
8743 8695
6352 6304
9057 9007
6140 6089
11337 11285
8669 8621
10329 10277
6668 6623
9486 9436
6887 6841
10296 10246
9810 9762
11620 11569
10771 10719
8297 8244
11938 11887
8714 8665
6419 6368
10487 10441
7886 7833
9032 8978
7496 7445
8394 8338
11318 11268
9736 9688
7247 7201
9509 9462
7353 7304
9669 9615
7858 7810
10220 10172
8313 8270
9018 8967
6987 6938
10212 10160
9703 9655
11191 11143
8322 8273
5972 5924
11131 11081
7105 7057
7767 7716
11063 11010
6236 6193
11502 11453
6859 6813
10821 10772
5532 5483
8452 8425
4928 4889
9309 9256
6796 6748
8349 8312
9653 9603
7832 7786
8533 8481
9839 9785
8969 8925
8117 8068
6773 6724
8966 8915
5023 4979
8987 8946
9404 9351
10824 10775
8547 8497
8081 8035
8078 8025
10519 10468
9281 9234
8234 8184
9376 9337
7986 7939
7129 7082
6867 6823
7361 7317
8754 8704
7514 7485
7655 7605
9568 9523
7425 7378
11311 11260
7825 7778
9212 9164
7460 7409
12200 12147
12081 12031
11838 11787
7659 7610
8616 8571
11228 11178
9836 9786
7086 7035
8412 8361
7117 7069
9289 9236
8406 8362
8132 8085
9238 9194
8632 8585
11236 11180
9270 9221
9444 9396
7751 7698
9694 9647
10618 10564
10312 10261
7711 7663
9926 9876
6659 6609
10360 10310
9997 9948
9751 9701
5611 5562
9205 9153
11438 11385
8760 8710
9496 9444
4921 4884
8037 7995
6412 6376
5754 5707
11853 11799
6033 5984
10085 10038
7770 7717
8311 8258
5618 5570
7435 7390
6631 6595
4725 4701
5927 5885
10326 10287
10615 10560
9912 9857
11709 11660
5723 5673
6528 6486
8672 8639
6724 6680
5931 5883
6127 6087
10713 10661
8918 8869
9609 9559
10128 10077
6479 6430
8097 8048
7196 7146
6086 6036
8197 8145
9816 9767
9148 9101
7783 7736
10228 10171
8312 8261
8004 7952
6312 6263
8134 8086
10873 10810
6553 6504
7176 7139
9798 9749
9020 8970
11333 11281
11421 11369
10430 10379
8653 8601
5219 5176
7976 7923
6342 6295
9183 9138
10195 10148
9513 9464
8403 8355
4917 4875
7031 6981
8745 8712
6819 6781
10010 9960
8882 8835
5812 5765
8217 8183
9419 9371
9528 9479
9841 9813
6900 6854
8087 8043
7854 7818
9916 9865
7883 7830
8418 8371
8639 8586
8436 8386
8084 8034
7224 7177
9138 9088
10129 10078
5321 5286
8721 8672
5238 5189
6748 6697
7551 7501
6690 6639
5696 5645
11414 11365
11127 11074
8985 8936
8584 8531
9485 9439
6995 6943
9348 9301
10642 10594
9826 9778
6996 6947
6318 6284
10427 10381
7265 7241
6233 6182
10813 10763
9909 9860
11518 11465
5868 5817
7206 7159
10731 10682
12286 12240
8515 8460
9924 9877
7626 7579
7108 7054
9634 9585
7535 7483
9592 9541
7145 7098
10920 10869
10974 10923
9453 9404
10863 10812
11049 10996
10419 10362
8536 8485
9731 9679
5429 5393
6764 6714
9732 9682
10718 10666
11683 11630
9241 9193
11613 11564
11246 11295
7540 7490
10583 10535
5123 5075
5508 5467
7557 7506
10035 9980
6973 6924
11992 11939
7442 7388
9595 9544
6527 6493
10014 9962
9227 9178
10675 10629
9579 9529
9938 9888
10119 10066
10801 10752
7428 7377
8321 8275
6450 6401
7324 7278
11536 11486
9344 9297
7444 7396
8799 8747
9905 9855
10318 10269
10316 10265
9427 9378
9402 9352
8013 7966
7323 7271
8285 8235
7727 7682
10174 10124
8876 8836
7015 6960
8814 8765
9051 9005
7577 7527
10606 10554
10520 10470
11590 11540
5786 5738
11144 11090
7857 7811
9638 9582
11940 11891
10416 10369
7969 7922
10930 10881
7238 7203
5412 5369
10622 10573
6774 6727
9539 9493
6921 6874
8196 8149
10114 10064
8339 8292
8504 8457
10011 9964
5837 5801
9559 9513
7308 7256
10218 10167
7648 7597
7764 7714
5117 5070
8615 8562
12178 12126
5974 5925
7219 7169
10449 10398
10976 10929
5403 5359
8948 8899
5518 5465
6272 6229
6458 6409
6621 6584
7640 7589
9144 9098
7665 7613
7097 7047
7762 7712
5718 5669
9080 9028
9318 9266
5214 5186
7327 7276
8851 8799
7638 7585
7426 7376
9462 9425
8469 8423
8638 8593
10536 10487
5307 5259
11152 11103
10015 9963
7338 7286
12269 12217
11809 11757
10116 10068
6199 6149
8103 8054
5983 5952
8090 8039
5025 4982
10528 10481
12108 12057
7289 7245
10958 10909
5017 4987
6529 6480
7642 7603
6565 6518
5513 5463
10230 10183
8753 8708
8916 8865
8227 8176
11725 11676
5416 5377
8195 8142
7871 7819
11761 11705
6252 6202
9665 9623
5428 5381
9115 9067
5647 5595
12039 11984
11634 11583
8135 8104
8209 8156
9230 9180
8874 8820
8541 8493
6824 6774
7982 7930
9100 9048
6912 6870
8377 8328
7220 7171
6171 6121
9472 9431
11023 10974
8817 8766
10513 10463
8715 8664
10709 10658
6375 6329
9710 9657
9217 9186
10395 10343
9727 9680
7539 7489
8430 8383
8560 8510
6715 6672
10103 10055
8523 8483
4824 4785
9166 9116
7861 7823
8954 8903
9081 9042
5319 5276
11514 11467
9541 9502
4812 4774
11085 11031
6071 6028
7006 6959
9182 9130
7978 7931
8742 8693
8657 8609
11234 11185
9823 9771
6731 6704
11413 11360
12023 11969
10630 10580
7534 7487
8033 7983
6015 5971
8826 8775
7921 7874
7654 7607
10751 10704
5213 5164
7867 7821
6562 6510
5826 5778
7954 7916
7941 7894
7221 7172
5909 5862
6886 6834
8012 7962
4631 4601
8235 8188
10891 10844
7326 7281
7738 7694
10539 10488
7759 7706
6345 6296
11901 11848
5128 5087
8159 8112
9748 9702
8846 8797
6672 6620
7962 7921
9621 9570
6126 6078
8921 8867
5882 5831
9056 9006
7550 7500
10417 10370
8419 8366
10269 10218
5602 5558
6019 5970
9329 9277
9137 9108
8498 8453
7872 7820
9386 9332
8188 8139
9142 9090